65 65 65 0 0 0 0 0 59 59 59 17 17 17 29 29 29 29 11 11 11 11 11 11 11 53 53 53 53 53 53 53 53 53
96 96 96 96 96 96 22 22 22 22 22 40 40 40 40 40 40 40 40 94 94 94 94 94 94 94 94 94 94 33 33 33 33 33 33 33 33 33 61 61 61 61 61 61 43 43 43 43 34 34 20 20 20 20 20 38 38 38 38
42 42 42 42 37 37 37 37 37 21 21 59 59 59 59 59 59 3 3 3 3 46 46 46 46 46 23 23 23 23 23 23 23 57 57 57 57 57 57 57 57 57 57 44 44 44 44 44 44 44 44 44 72 72 64 64 64 64 60 60 60 60 60 60 60 93 93 93 93
76 76 76 76 76 76 76 71 71 71 71 71 71 71 71 71 41 41 41 41 41 55 55 55 55 55 55 55 55 55 14 14 14 86 86 86 86 86 86 86
33 33 33 33 33 33 33 33 33 33 77 77 77 77 77 77 77 77 77 77 13 13 13 13 13 13 13 13 13 13 33 33 96 96 96 53 53 53 98 90 90 90 90 90 90 90 90 24 94
79 79 79 79 79 79 79 79 79 79 29 29 29 29 29 21 21 21 64 64 64 64 64 64 64 64 64 76 76 76 76 76 76 76 20 20 1 1 1 1 1 12 12 12 49 49 49 49 49 49 49 49 87 87 87 87 87 37 37 96 96 96 96 96 69 69 69 69 69 77 77 77 77 77 77 77 77 77 77 54 57 57 57 57 57 57 64 64 4 4 4 60 60 60 60 60 60 60 69 69 69 69 69 69 69 69
80 80 80 80 80 80 80 80 80 31 31 31 31 66 66 66 66 66 66 56 56 56 56 2 2 2 2 2 2 2 2 2 99 99 99 99 99 99 1 1 1 1 1 1 18 18 18 18 18 18 18 18 18 18 71 71 71 71 71 71 71 71 71 71 57 62 62 62 62 62 62 78 78 10 10 10 10 10 10 10 94 94 94 94 94 94 63 63 63 63 63 63 63 63 63 63 93 93 93 17 58 58 58 58 58 58 58 58 58 58
0
10 10 10 10 10 10 10 10 10 10
61 61 61 61 61 61 61 61 55 55 55 55 55 55 55 55 25 25 25 25 25 19 19 19 19 19 6 6 6 6 6 6 6 6 6 6 78 78 78 78 78 78 78 78 78 34 34 34 34 34 34 34 34 34 44 44 44 44 44 44 44 28 14 14 14 7 7 7 7 7 7 97 97 97 97 97 97 97 97 97 97 24 24 24 24 24 24 24 24 24 29 29 29 29 29 29 29 25 25 25 25 25 25 25 25 24 24 24 24 24 24 24 24 24 24 24 24 24 24 24 24
4 4 4 4
8
1 1 3 3 3 2 2 2 2 14 14 14 11 11 11 2
28 28 28 28 28 28 28 28 28 12 12 12 12 12 12 12 66 66 66 66 66 66 66 66 87 87 87 87 87 31 31 31 31 31 31 31 99 99 75 64 64 64 64 64 64 11 11 11 11 32 32 32 32 32 32 32 32 32 32 88 88 88
44 44 44 44 44 44 44 44 1 1 31 31 31 31 87 54
6
79 79 79 74 74 74 74 74 74 31 31 31 31 31 31 31 71 71 80 80 31 31 31 31 31 31 31 31 31 31 66 66 66 66 66 66 66 79 79 49 49 49 49 49 49 49 49 49 29 97 97 97 97 97 97 97 72 72 72 72 72 72 72 72 84 95 95 56 56 56 15 12 12 12 12 12 12 12 35 59 59 59 59 59 59 59 59 59 97 97 97 97 97 97 97
7
38 38 38 38 38 38 38 38 14 14 14 14 14 53 53 53 27 27 27 27 27
97 97 97 97 97 97 97 14 14 14 60 60 60 28 28 28 28 28 28 28 56 56 56 64 64 64 64 5 5 5 5 5
8
8
56 15 15 15 15 19 19 19 19 19 19 19 19 19 19 19 19 19 19 19 6 6 6 6 6 6 6 6 6 84 84 84 84 84 84 84 84 84 15 0 0 0 0 0 0 0 98 98 98 91 99 99 99 99 99 99 99 99 97 97 97 97 97
1 0
79 79 79 79 79 79 79 79 20 20 20 20 20 20 20 49 40 40 40 40 40 97 97 97 97 97 97 97 97 97 97 11 11 11 63 63 63 63 63 63 63 63 33 33 33 33 61 61 61 61 61 61 61 61 61 16 16 16 16 82 82 82 82 82 82 84 84 4 4 4 4 94 94 94 94 94 94
95 95 95 95 95 95 95 95 94 94 94 94 94 94 94 94 86 86 86 86 86 86 42 42
2 2
20 13 13 13 13 13 13 13 13 72 72 96 96 96 96 96 96 96 96 96 25 25 25 25 25 25 25 25 25 25 66 66 66 66 66 66 66 66 66 66
7 7 7 7 7 7 7
9 9 9 93 93 93 60 60 60 60 60 52 52 52 52 52 52 0 0 0 0 7 7 7 7 7 79 79 79 79 47 47 47 47 47 47 47 47 47 47 31 31 31 31 31 31 31 30 30 30 30 30 9 9 9 9 9 9 9 63 63 63 63 63 63 63 47 47 47 47 47 47 47 47 47 47 0 0 0 0 0 0 0 0 0 73 73 73 73 73 73 73 73 73 73 72 72 72 72
0
97 97 97 97 97 97 97 97 97 97 76 37 37 37 37 37 37 78 78 78 78 78 78 78 78 78 78 73 73 73 73 73 0 0 0 0 0 0 59 59 59 59 59 59 59 59 59 9 9 9 9 77 77 77 77 77 77 77 77 77 51 51 51 11 11 11 11 11 11 11 11 47 47 77 77 77 77 16 16 16 16 27 27 78 78 78 78 78 78 78
16 16 16 1 1 1 1 1 19 19 37 37 37 23 23 23 23 23 23 23 28 28 28 89 87 87 23 23 23 29 29 29 29 29 58 58 58 58 47 47 47 47 47 47 47 47 47 79 79 79 79 79 79 24 24 24 24 24 24 24 2 2 2 2 2 2 2 2 48 48 48 48 48 48 48 48 48 48 61 61 61 61 61 61 61 61 61 61 43
1 1 8 8 8 8 8 8 8 8 8 14 14 14 14 14 14 14 14 30 30 30 30 30 30 30 30 30 39 39 39 39 39 39 82 64 64 64 80 80 80 41 41 41 41 41 41 41 41 41 12 12 12 12 12 6 6 6 6 9 9 9 9 9 9 9 9 31 9 9 9 9 9 9 9 9 9 9 89 89 89 89 89 89 89 89 89 89
77 69 69 14 14 14 14 14 63 63 63 63 63 63 10
7
73 73 73 73 41 41 41 41 41 41 41 41 41 41
39 39 39 74 74 74 74 91 91 91 91 91 91 91 26 26 25 25 25 25 25 25 25 25 0 0 0 58 72 72 72 72 72 28 28 28 28 28 28 28 28 28 38 38 38 38 58 58 58 60 60 60 60 60 60 60 60 60 60
2 4 4 4 6 6 6 6 6 8 8 8 8 8 8 8 10 10 10 10 10 10 10 10 10
40 40 40 40 29 29 29 29 29 29 29 29 57 57 92 92 92 92 92 86 86 86 86 86 86 86 86 86 86
25 25 25 25 25 25 25 25 25 79 79 79 79 79 79 79 79 79 79 9 9 9 9 9 9 9 9 9 9 72 72 72 72 72 72 72 4 4 4 4 4 4 4 82 82 15 15 15 15 15 15 15 9 9 9 56 56 56 56 88 88 88 88 88 88 88 88 14 14 14 14 14 14 14 14 14 13 13 13 13 13 13 13 13 13 5
90 90 28 28 28 28 36 36 36 36 62 62 62 62 62 62 80 80 80 80 80 80 80 80 80 92 92 92 92 92 92 92 92 92 92 25 25 25 25 25 25 25 25 25 25
19 19 19 19 19 19 19 19 82 82 82 82 82 82 82 82 82 16 16 23 23 23 23 24 24 24 24 24 24 24 70 70 70 70 70 70 70 36 36 36 5 5 5 5 5 54 54 88 88 88 88 88 88 88 88 88 58 58 58 58 58 58 58 58 92 92 92 92 92 92 92 92 92 92 8 8 8 8 8 8 8 75 75 75 75 75 75 75 75 75 6 6 6 6 6 6 6 6 9 9 93 93 93 56 56 56 56 56 56 56 56 56 56 8 8 8 8 8 8 8 19 19 19 19 19 93 93 93
6 6 6 6 6 6
4
20 67 4 4 4 4 4 84 84 84 78 85 85 55 55 55 91 91 91 91 91 91 91 91 91 79 79 79 79 79 79 74 74 74 74 70 70 89 89 89 89 89 89 89 89 89 89 37 37 37 37 37 37 37 37 37 8 8 8 8 8 8 8 8 8 8 47 47 97 97 97 97 97 97 97 97 97 37 37 37 37 49 49 49 49 49 49 49
96 96 96 96 96 96 96 96 96 96 21 21 21 21 21 21 39 61 11 11 11 95 95 95 95 97 93 93 93 56 56 56 56 56 56 56 56 93 93 93 93 93 93 93 93 93 95 95 95 70 70 70 70 70 70 70 70 70 70 61
25 25 25 25 25 72 72 72 72 72 72 72 26 26 26 26 26 26 26 26 63 63 63 63 63 63 63 30 30 30 30 90 90 90 90 90 73 73 73 73 73 73 73 73 73 97 97 97 97 97 52 52 52 52 52 14 14 92 92 92 92 22 22 22 40 40 40 40 40 40 40 40 71 71 71 71 71 34 34 34 34 34 34 34 34 34 80 80 14 14
41 41 41 41 41 41 41 41 87 87 87 87 87 87 87 87 87 87 36 36 36 36 36 34 34 34 34 34 34 61 34 34 34 34 34 34 34 72 72 72 72 72 72 72 72 72 26 26 26 26 26 21 21 21 21 21 21
50 50 50 50 50 50 50 50 50 89 9 9 9 9 32 32 32 32 16 16 16 16 16 16 16 16 5 5 5 5 5 5 5 5 1 1 1 1 1 1 1 1 1 1 41 41 41 41 41 39 39 39 39 74 37 37 37 37 4 4 4 4 4 4 4 4 51 51 51 51 51 51 51 74 74 74 50 50 50 50 50 44 44 44 44 44 44 44 64 64 64 64 64 64 3 3 3 3 3 3 3 3 97 97 97 97 96 96 96 96 96 96 96 96